100
1000.0 720.1764886220088
872.4726067115154 294.46502196042064
757.8230707520985 640.0033393180647
897.3896821421749 581.6205786346025
740.9631297008826 539.9778226824419
927.2832001388306 495.1173933308722
929.2103272319908 668.9533481865711
278.02110581845193 121.47482681655583
950.5485630217044 742.618607874464
74.65825935683148 543.6028537560043
800.9752231496965 575.7724911137554
579.6589120621886 655.76686902754
718.2346508684855 599.764118284283
808.816984129382 587.8741344527605
172.3060796889327 781.258575566307
909.5431721015524 771.3643579047359
847.9397946127986 486.784159502293
900.4870305315036 575.5027611072167
604.3792074801196 1000.0
232.51572787493473 0.0
471.7719459102877 415.7161117610836
759.2241599372163 479.1660818304289
871.9860797509104 457.5935283324003
983.5475640145136 708.5337912315242
861.7651399559104 662.6016356758522
570.8239543253447 785.3030352399447
657.7275084900116 720.1989009616304
517.9757379540999 312.2946657921565
291.3010451420322 128.14025738123289
769.6182506489286 480.1848833640631
880.6641557846931 703.5036718587155
746.6422473517011 672.5571562091986
871.3992259727922 650.4593523110987
0.0 701.8010986504298
458.1693338492998 931.3697265283865
467.77475506117804 891.6999843922576
917.1312108207314 713.3220685516686
899.2955043126972 580.4854533934516
905.9271456865472 758.5617618658445
762.6445684261821 522.6849126159594
912.6726715559528 761.7623234743616
160.2490429247708 237.33435546955008
901.4360679944667 661.8601189913051
894.5561274313274 688.880103069747
924.090560640976 658.2333536911751
988.9621132623917 714.2535334942697
509.92828763040063 268.72561504556785
896.8535728161582 580.4896173104772
852.6028611349016 384.11414946955836
902.9731213222377 696.2920709669563
912.5971359211453 703.5025126358526
868.6861409154066 559.5991104170156
118.99845171316761 795.830631624203
918.7678162415559 678.3190987345507
905.9875741943931 714.8515567943814
744.7561806548978 534.3527672265419
910.2776108892172 716.9746445251192
171.73549512446533 398.92792960459695
739.7774139155232 580.5010681459895
936.7770610285319 795.3806757768965
610.8202666369173 288.2830804567785
584.6585963619714 505.1133430383263
567.3012822077168 93.44318556341833
907.2829134907805 687.7362195107711
901.030887102116 572.9998017394876
903.8702522464104 610.0580617544068
906.6708811677266 705.2893531255689
911.2522142593461 751.5836107642953
639.6001182229525 597.5485624203309
184.98948117865032 13.483166061245258
900.3413823331059 689.1519946825388
886.146493422783 562.3735010748392
831.1507408496325 517.0050095172357
924.1056677679373 692.9983370886595
866.5246596732289 625.6216371235644
902.2115671784884 736.655217614362
894.7246300012821 621.4247305334927
890.4477636222707 625.1420188870605
895.3668765782589 284.13502575804245
740.817868864715 561.7043492508893
918.3680584204221 599.9161795936913
915.5302427250468 638.314115924157
873.2608888491196 630.35269834925
444.3180352367926 777.7605562946268
630.5207349191169 692.6004261530519
888.3467108879387 566.4152858358292
147.95958882274036 609.5578787049996
900.6086622716548 679.3166746495378
89.16420013766862 652.9106472183396
860.7452152048971 366.1971261573518
775.7052607277063 605.8584069020582
903.6355107351632 660.3063683882908
929.6956921059063 758.8817828610755
585.9117131753129 771.6554184306316
83.82557388682751 686.6357974289539
924.9803316827828 724.6684609274934
885.4627990872195 576.6702286844911
907.9460776281655 729.2905688046192
496.23735698102274 392.57549720800273
860.729720715706 606.4441653368646
